2 5 9 10 11 12 14 15
4 5 8 9
2 5 9 10 11 12
2 5 9 10 11 12 14 15
2 5
2 5 9 10 11 12
3 4 6 10 11 12
3 4 6 10 11 12
2 5 9 10 11 12 13 16 17 18
1 4 5 8 9
2 6 7 8
2 3
2 9
2 3 4 6 7 8 9 13
3 4 8 9
3 4 6 10 11 12
3 4 8 9 12 13
2 5 9 10 11 12

2 9
2 3 4 8
2 6 7 8 9 13
2 6 7 8 9 13
2 5 9 10 11 12
3 4 6 10 11 12
3 4 6 10 11 12
2 7
2 7
5 6
2 6 7 8

2
3 4 6 10 11 12
2 3 4 8
2 6 7 8 9 13
7 8 11 12
2 6 7 8 9 13
2 5 9 10 11 12
3 4 6 10 11 12 13 17
5 6
2 6 7 8 9 13
2 5 9 10 11 12
2 6 7 8 10 11
7 10 14 15 16 17
2 6 7 8 9 13

3 4 6 10 11 12

2 12
8
5 6
2 6 7 8 10 11
2 3

4
2 5 9 10 11 12 13 16 17 18
2 6 7 8 9 13
2 6 7 8 10 11
3 4 6 11 12 13
3 4 6 11
3 4 8 9
2 3 5 9 10
2 9
2 3 10 11
3 4 8 9 11 15 16 17
2 5 8 11 14 17 18 19 20 21 22 23
2 3 10 11

3 4 7 10 14 15 16 17
2 3 10 11
2 3 11 12
3 5 6 10 11 12 14 16
3 4 6 10 11 12
5 6
2 3 14 15
2 3 8 9
3 8
2 3 10 11
3 4 6 10 11 12
3 4 8 9

2 4 5 6 7 8 9 13
3 4 5 8 9 10
3 5 10 12

3 4 6 10 11 12
2 3
2 6 7 8 9 13 14 15
2 5 9 10 11 12 14 15
2 3 10 11


5 6
2 3 4 7 8 9 17 18
3 4 8 9 10 11 12 17
2 7
2 3 10 11

2 3 11 12
3 4 6 10 11 12
3 4 7 10 14 15 16 17
2 3 9 14
2 6 7 8 9 13
2 6 7 8 9 13 14 15
3 4 7 8
2 6 7 8 10 11 13 18
5 6

2 6 7 8 10 11

3 4 6 10 11 12
10 11
3 4 7 8 13 15 16 17
3 5 6 10 11 12 14 16
4 6
7 8 11 12
3 4 6 10 11 12 13 17
2 3 4 6 7 8 9 13
2 3 4 8 9 10
3 4 6 10 11 12 13 17
2 5 9 10 11 12
2 7
2 6 7 8 9 13
5 6 9 10
2 6 7 8
2 7
3 9
5

4 6

4 6
7
1 6 7 11



3 10
4


8






7



2



5 10


4

3
10 11
2
2
3 8
1 3 8
3 6
4
3
3 4
3
1 2 7


3 4
2 9
3
4 6

4 6
1 6 7
1 3 10
2
3
3
2 7

